1 5 0 1
3 7 1 1
4 9 2 1
4 13 3 1
5 5 4 1
5 1 5 1
6 7 6 1
8 9 7 1
3 1 8 6
1 6 8 6
4 6 8 6
6 8 8 6
9 8 8 6
5 13 8 6
2 1 9 -1
8 1 9 -1
1 2 9 -1
4 2 9 -1
5 2 9 -1
1 3 9 -1
4 3 9 -1
8 3 9 -1
1 4 9 -1
2 4 9 -1
4 4 9 -1
6 4 9 -1
8 4 9 -1
9 4 9 -1
8 5 9 -1
3 6 9 -1
5 6 9 -1
7 6 9 -1
9 6 9 -1
1 8 9 -1
3 8 9 -1
5 8 9 -1
7 8 9 -1
1 9 9 -1
1 10 9 -1
2 10 9 -1
4 10 9 -1
6 10 9 -1
8 10 9 -1
9 10 9 -1
1 11 9 -1
5 11 9 -1
8 11 9 -1
5 12 9 -1
6 12 9 -1
9 12 9 -1
1 13 9 -1
7 13 9 -1
9 2 10 4
1 12 10 4
7 2 11 3
2 3 11 3
6 6 11 3
4 8 11 3
7 11 11 3
3 12 11 3
2 6 12 -1
8 8 12 -1
7 3 13 6
2 12 13 6
1 1 14 4
8 13 14 4